919300 99999 BORA BORA                      1943    0    0    0    0    0    0    0  100  100  100   99   94
919300 99999 BORA BORA                      1944   93   94  100  100  100  100   88   94   10    0    0    0
919300 99999 BORA BORA                      1973  176  158  181  172  173  168  145  177  173  177  170  181
919300 99999 BORA BORA                      1974  179  158  181  170  180  177  174  180  173  180  178  175
919300 99999 BORA BORA                      1975  150  160  179  173  175  167  161  170  175  177  173  178
919300 99999 BORA BORA                      1976  177  167  181  171  177  168  178  174  167  177  172  175
919300 99999 BORA BORA                      1977  174  159  171  162  165  168  173  174  173  182  171  176
919300 99999 BORA BORA                      1978  176  160  181  168  177  173  174  165  167  178  173  193
919300 99999 BORA BORA                      1979  188  178  189  179  187  177  158  186  182  190  178  192
919300 99999 BORA BORA                      1980  168  143  184  185  187  180  181  182  174  187  185  192
919300 99999 BORA BORA                      1981  179  167  187  176  187  178  194  190  182  194  186  192
919300 99999 BORA BORA                      1982  201  173  193  188  196  188  193  194  185  194  191  192
919300 99999 BORA BORA                      1983  200  175  199  197  204  193  193  192  199  208  203  209
919300 99999 BORA BORA                      1984  208  195  212  197  208  198  210  210  204  211  200  195
919300 99999 BORA BORA                      1985  197  181  203  197  203  195  196  204  196  201  197  199
919300 99999 BORA BORA                      1986  201  183  193  193  202  193  197  195  198  207  196  199
919300 99999 BORA BORA                      1987  199  174  204  187  202  187  191  174  166  189  172  177
919300 99999 BORA BORA                      1988  177  169  189  161  174  178  147  151  156  170  177  169
919300 99999 BORA BORA                      1989  163  154  173  161  161  164  170  171  161  165  158  171
919300 99999 BORA BORA                      1990  166  151  167  161  169  161  173  162  149  162  156  152
919300 99999 BORA BORA                      1991  158  144  160  144  152  148  147  148  150  152  146  160
919300 99999 BORA BORA                      1992  155  142  153  147  151  121  117  126  145  149  134  160
919300 99999 BORA BORA                      1993  163  130  130  149  155  165  178  194  195  183  190  185
919300 99999 BORA BORA                      1994  208  154  160  162  137  157  178  139  182  209  208  221
919300 99999 BORA BORA                      1995  196  182  201  196  165  131  153  146  144  154  140  152
919300 99999 BORA BORA                      1996  154  144  208  215  222  211  216  214  210  218  205  202
919300 99999 BORA BORA                      1997  198  190  215  203  214  205  205  217  183  219  202   30
919300 99999 BORA BORA                      1998    2    0   15   34   15    0    0    2    0    0    3    0
919300 99999 BORA BORA                      1999   17    4    0    7   43   22    0    0    0    1    0    1
919300 99999 BORA BORA                      2009    0    0    0    0    0    0    1    0    0    0    0    0


Total Surface Hourly Observations Available: 54670
Total Station-Years: 30
